0
1.017
1.357375
1.69775
2.038125
2.3785
2.718875
3.05925
3.3996250000000003
3.74
4.07278125
4.4055625
4.73834375
5.071125
5.40390625
5.7366875
6.06946875
6.40225
6.7350312500000005
7.0678125000000005
7.4005937500000005
7.733375
8.066156249999999
8.398937499999999
8.731718749999999
9.064499999999999
9.397281249999999
9.730062499999999
10.062843749999999
10.395624999999999
10.728406249999999
11.061187499999999
11.393968749999999
11.72675
12.05953125
12.3923125
12.72509375
13.057875
13.39065625
13.7234375
14.05621875
14.389
14.709249999999999
15.029499999999999
15.34975
15.67
16.002203125
16.33440625
16.666609375
16.9988125
17.331015625
17.66321875
17.995421874999998
18.327624999999998
18.659828125
18.99203125
19.324234375
19.6564375
19.988640625
20.320843749999998
20.653046875
20.98525
21.317453125
21.64965625
21.981859375
22.3140625
22.646265624999998
22.978468749999998
23.310671874999997
23.642874999999997
23.975078124999996
24.307281249999996
24.639484375
24.971687499999998
25.303890624999998
25.63609375
25.968296875
26.3005
26.632703125
26.96490625
27.297109374999998
27.629312499999997
27.961515624999997
28.293718749999996
28.625921874999996
28.958124999999995
29.290328124999995
29.622531249999994
29.954734374999997
30.286937499999997
30.619140624999996
30.95134375
31.283546875
31.61575
31.947953124999998
32.28015625
32.612359375
32.944562499999996
33.276765624999996
33.608968749999995
33.941171874999995
34.273374999999994
34.605578124999994
34.93778124999999
35.26998437499999
35.6021875
35.934390625
36.26659375
36.598796875
36.931
37.264125
37.597249999999995
37.930375
38.2635
38.596624999999996
38.92975
39.262875
39.596
39.929125
40.26225
40.595375
40.9285
41.261624999999995
41.59475
41.927875
42.260999999999996
42.594125
42.92725
43.260374999999996
43.5935
43.926625
44.25975
44.592875
44.926
45.259125
45.59225
45.925375
46.2585
46.591625
46.92475
47.257875
47.591
47.92268333333333
48.25436666666667
48.58605
48.91773333333334
49.24941666666667
49.5811
49.91278333333334
50.24446666666667
50.57615
50.907833333333336
51.23951666666667
51.571200000000005
51.902883333333335
52.234566666666666
52.566250000000004
52.897933333333334
53.22961666666667
53.5613
53.89298333333333
54.22466666666667
54.55635
54.88803333333333
55.21971666666667
55.5514
55.88308333333333
56.21476666666667
56.54645
56.87813333333334
57.20981666666667
57.5415
57.87318333333334
58.20486666666667
58.536550000000005
58.868233333333336
59.19991666666667
59.531600000000005
59.863283333333335
60.19496666666667
60.526650000000004
60.858333333333334
61.19001666666667
61.5217
61.85338333333334
62.18506666666667
62.51675
62.84843333333333
63.18011666666667
63.51180000000001
63.84348333333334
64.17516666666667
64.50685
64.83853333333334
65.17021666666668
65.5019
65.83358333333334
66.16526666666667
66.49695
66.82863333333333
67.16031666666667
67.492
67.8215
68.15100000000001
68.4805
68.81
69.1395
69.46900000000001
69.7985
70.128
70.45750000000001
70.787
71.1165
71.446
71.77550000000001
72.105
72.4345
72.76400000000001
73.0935
73.423
73.7525
74.08200000000001
74.4115
74.741
75.07050000000001
75.4
75.7295
76.059
76.38850000000001
76.718
77.0475
77.37700000000001
77.7065
78.036
78.3655
78.69500000000001
79.0245
79.354
79.68350000000001
80.013
80.3425
80.672
81.00150000000001
81.331
81.6605
81.99000000000001
82.3195
82.649
82.97850000000001
83.308
83.6375
83.96700000000001
84.29650000000001
84.626
84.9555
85.285
85.6145
85.944
86.27350000000001
86.60300000000001
86.9325
87.262
87.59150000000001
87.921
