1.212
1.68975
2.1675
2.64525
3.123
3.6007499999999997
4.0785
4.55625
5.034
5.51075
5.9875
6.46425
6.941000000000001
7.41775
7.894500000000001
8.37125
8.848
9.316
9.784
10.252
10.72
11.188
11.656
12.124
12.592
13.06875
13.5455
14.02225
14.498999999999999
14.97575
15.452499999999999
15.92925
16.406
16.8755
17.345
17.8145
18.284
18.7535
19.223
19.6925
20.162
20.629125
21.096249999999998
21.563375
22.0305
22.497625
22.964750000000002
23.431875
23.899
24.362000000000002
24.825000000000003
25.288
25.751
26.214000000000002
26.677
27.14
27.603
28.075000000000003
28.547
29.019000000000002
29.491
29.963
30.435000000000002
30.907
31.379
31.859125000000002
32.33925
32.819375
33.2995
33.779625
34.25975
34.739875
35.22
35.691375
36.16275
36.634125
37.1055
37.576875
38.048249999999996
38.519625
38.991
39.451375
39.91175
40.372125
40.832499999999996
41.292875
41.75325
42.213625
42.674
43.141875
43.60975
44.077625
44.545500000000004
45.013375
45.48125
45.949125
46.417
46.889875
47.362750000000005
47.835625
48.3085
48.781375000000004
49.25425
49.727125
50.2
50.669875000000005
51.13975000000001
51.609625
52.0795
52.549375000000005
53.01925
53.489125
53.959
54.43
54.901
55.372
55.843
56.314
56.785
57.256
57.727
58.1935
58.66
59.1265
59.593
60.0595
60.526
60.9925
61.459
61.9285
62.398
62.86750000000001
63.337
63.8065
64.27600000000001
64.7455
65.215
65.686875
66.15875
66.630625
67.10249999999999
67.574375
68.04625
68.518125
68.99
69.45837499999999
69.92675
70.395125
70.86349999999999
71.331875
71.80024999999999
72.268625
72.737
73.19987499999999
73.66274999999999
74.125625
74.5885
75.051375
75.51425
75.977125
76.44
