beatNo,left,right,both,comments
5.034,-1,1,-1
5.9875,0,-1,-1
6.941000000000001,-1,3,-1
7.894500000000001,2,-1,-1
8.848,-1,1,-1
9.316,0,-1,-1
9.784,-1,3,-1
10.252,2,-1,-1
10.72,0,1,-1
11.188,2,3,-1
11.656,0,1,-1
12.124,2,3,-1
12.592,-1,-1,4,first verse
13.06875,-1,-1,4
13.5455,-1,-1,4
14.02225,-1,-1,4
14.498999999999999,-1,-1,4
14.97575,0,1,-1
15.452499999999999,2,3,-1
15.92925,-1,-1,6
16.406,7,5,-1
16.8755,-1,-1,3
17.345,-1,-1,0
17.8145,-1,-1,1
18.284,-1,-1,2
18.7535,-1,-1,3
19.223,-1,-1,0
19.6925,-1,-1,1
20.162,7,5,-1
20.629125,0,1,-1
21.096249999999998,2,3,-1
21.563375,0,1,-1
22.0305,4,6,-1
22.964750000000002,6,4,-1
23.899,1,5,-1
24.593500000000002,1,0,-1
25.288,7,0,-1
25.9825,0,2,-1
26.677,3,1,-1
27.14,3,2,-1
27.603,-1,-1,4,second verse
28.075000000000003,-1,-1,4
28.547,-1,-1,4
29.019000000000002,-1,-1,4
29.491,-1,-1,4
29.963,0,1,-1
30.435000000000002,2,3,-1
30.907,-1,-1,6
31.379,7,5,-1
31.859125000000002,-1,-1,3
32.33925,-1,-1,0
32.819375,-1,-1,1
33.2995,-1,-1,2
33.779625,-1,-1,3
34.25975,-1,-1,0
34.739875,-1,-1,1
35.22,7,5,-1
35.691375,0,1,-1
36.16275,2,3,-1
36.634125,0,1,-1
37.1055,4,6,-1
38.048249999999996,6,4,-1
38.991,1,5,-1
39.6815625,1,0,-1
40.372125,7,0,-1
41.062687499999996,0,2,-1
41.75325,3,1,-1
42.213625,3,2,-1
42.674,-1,-1,4,---
43.141875,-1,-1,6
43.60975,7,3,-1
44.077625,2,5,-1
44.545500000000004,-1,1,-1
44.7794375,0,-1,-1,---
44.7794375,-1,1,-1
44.7794375,0,-1,-1
45.013375,-1,3,-1
45.24731250000001,2,-1,-1
45.24731250000001,-1,3,-1
45.24731250000001,2,-1,-1
45.48125,-1,5,-1
45.7151875,7,-1,-1
45.7151875,-1,5,-1
45.7151875,7,-1,-1
45.949125,-1,-1,6
46.417,-1,-1,4,chorus YMCA---
47.362750000000005,0,1,-1,
47.835625,1,5,-1,
48.0720625,-1,-1,4
49.25425,2,1,-1,---
49.727125,0,3,-1,YMCA end
50.2,-1,-1,4,YMCA---
51.13975000000001,0,1,-1,
51.609625,1,5,-1,
51.8445625,-1,-1,4
53.01925,0,3,-1,---
53.489125,2,1,-1,YMCA end
53.959,-1,5,---
54.1490625,2,-1
54.339125,-1,3
54.529187500000006,7,-1
54.71925,-1,-1,4
55.099375,-1,-1,6,
55.4795,7,-1,-1,---
55.6695625,-1,3,-1
55.859625,2,-1,-1
56.049687500000005,-1,5,-1
56.23975,-1,-1,6
56.619875,-1,-1,4
57.0,-1,0,-1,---
140.75,3,-1,-1
224.5,1,-1,-1
308.25,-1,2,-1,
392.0,2,1,-1,---
475.75,0,3,-1
559.5,7,5,-1
601.375,7,5,-1
643.25,7,5,-1
727.0,-1,-1,4,chorus YMCA---
560.61475,0,1,-1,
477.42212500000005,1,5,-1,
435.82581250000004,-1,-1,4
227.84425000000005,2,1,-1,---
144.65162500000008,0,3,-1,YMCA end
61.459,-1,-1,4,YMCA---
62.398,0,1,-1,
62.86750000000001,1,5,-1,
63.102250000000005,-1,-1,4
64.27600000000001,0,3,-1,---
64.7455,2,1,-1,YMCA end
65.215,-1,5,---
65.45093750000001,2,-1
65.686875,-1,3
65.92281249999999,7,-1
66.15875,-1,-1,4
66.630625,-1,-1,6,
67.10249999999999,7,-1,-1,---
67.3384375,-1,3,-1
67.574375,2,-1,-1
67.81031250000001,-1,5,-1
68.04625,-1,-1,6
68.518125,-1,-1,4
68.99,-1,-1,4
