1.212
1.68218125
2.1523624999999997
2.62254375
3.0927249999999997
3.56290625
4.0330875
4.50326875
4.97345
5.443631249999999
5.9138125
6.38399375
6.854175
7.324356249999999
7.7945375
8.26471875
8.7349
9.20508125
9.675262499999999
10.14544375
10.615625
11.08580625
11.5559875
12.02616875
12.49635
12.96653125
13.436712499999999
13.90689375
14.377075
14.84725625
15.3174375
15.78761875
16.2578
16.72798125
17.1981625
17.66834375
18.138524999999998
18.60870625
19.0788875
19.54906875
20.01925
20.48943125
20.9596125
21.429793749999998
21.899975
22.37015625
22.8403375
23.31051875
23.7807
24.25088125
24.7210625
25.191243749999998
25.661424999999998
26.13160625
26.6017875
27.07196875
27.54215
28.01233125
28.4825125
28.952693749999998
29.422875
29.89305625
30.3632375
30.83341875
31.3036
31.77378125
32.2439625
32.71414375
33.184325
33.654506250000004
34.1246875
34.59486875
35.06505
35.53523125
36.005412500000006
36.47559375
36.945775000000005
37.41595625
37.886137500000004
38.35631875
38.8265
39.296681250000006
39.7668625
40.237043750000005
40.707225
41.177406250000004
41.6475875
42.11776875
42.587950000000006
43.05813125
43.528312500000006
43.99849375
44.468675000000005
44.93885625
45.409037500000004
45.87921875
46.3494
46.819581250000006
47.2897625
47.759943750000005
48.230125
48.700306250000004
49.1704875
49.64066875
50.11085
50.58103125
51.051212500000005
51.52139375
51.991575000000005
52.46175625
52.931937500000004
53.40211875
53.8723
54.342481250000006
54.8126625
55.282843750000005
55.753025
56.223206250000004
56.6933875
57.16356875
57.633750000000006
58.10393125
58.574112500000005
59.04429375
59.514475000000004
59.98465625
60.454837500000004
60.92501875
61.3952
61.865381250000006
62.3355625
62.805743750000005
63.275925
63.746106250000004
64.21628749999999
64.68646875
65.15665
65.62683125000001
66.0970125
66.56719375
67.037375
67.50755625000001
67.9777375
68.44791875
68.9181
69.38828125
69.8584625
70.32864375
70.79882500000001
71.26900625
71.7391875
72.20936875
72.67955
73.14973125
73.6199125
74.09009375000001
74.560275
75.03045625
75.5006375
75.97081875
